cycle1:24037.97022345463
cycle1:24192.157187658082
cycle2:10666.834778884302
cycle3:3796.8355775348828
cycle4:1191.3932814081143
cycle5:514.8355146244977
cycle6:344.0685030088834
cycle7:117.60325910593926
cycle8:81.38553586191271
cycle9:0.00010870386573050847
cycle10:0.00010852276182401391
cycle11:0.00010774717457278018
cycle12:0.0001076422043343888
cycle13:0.00010759574581490688
cycle14:0.0001075840951880526
cycle15:0.0001075566700781643
cycle16:0.0001075566700781643
cycle17:0.00010750547054222872
cycle18:0.00010731372323830289
cycle19:0.00010718905787521256
cycle20:0.00010709210648848562
cycle21:0.00010693300130381245
cycle22:0.00010681778866499548
cycle23:0.0001066875919641342
cycle24:0.00010663363960589172
cycle25:0.00010662663982983277
cycle26:0.00010662663982983277
cycle27:0.00010660020157900187
cycle28:0.00010660020157900187
cycle29:0.00010660020157900187
cycle30:0.00010660020157900187
cycle31:0.00010660020157900187
cycle32:0.00010660020157900187
cycle33:0.00010660020157900187
cycle34:0.00010660020157900187
cycle35:0.00010660020157900187
cycle36:0.00010660020157900187
cycle37:0.00010660020157900187
cycle38:0.00010660020157900187
cycle39:0.00010660020157900187
cycle40:0.00010660020157900187
